Line 10 source/ startup investment analysis

,Pitchers Gender,Got Deal,Count of Pitchers Average Age,Sum of Total Deal Amount
Automotive,,,6,5465000
,Male,,5,2015000
,,0,1,
,,1,4,2015000
,Mixed Team,,1,3450000
,,1,1,3450000
Business Services,,,16,7475000
,Female,,2,650000
,,0,,
,,1,2,650000
,Male,,9,3625000
,,0,3,
,,1,6,3625000
,Mixed Team,,5,3200000
,,0,2,
,,1,3,3200000
Children/Education,,,35,18646666
,Female,,13,8020000
,,0,4,
,,1,9,8020000
,Male,,11,5196666
,,0,,
,,1,11,5196666
,Mixed Team,,11,5330000
,,0,2,
,,1,9,5330000
,(blank),,,100000
,,1,,100000
Electronics,,,5,2154000
,Male,,5,2154000
,,0,2,
,,1,3,2154000
,Mixed Team,,,
,,0,,
Fashion/Beauty,,,66,30532500
,Female,,30,11065000
,,0,7,
,,1,23,11065000
,Male,,19,13005000
,,0,9,
,,1,10,13005000
,Mixed Team,,17,6462500
,,0,5,
,,1,12,6462500
Fitness/Sports/Outdoors,,,46,27595000
,Female,,7,2100000
,,0,2,
,,1,5,2100000
,Male,,27,19005000
,,0,5,
,,1,22,19005000
,Mixed Team,,12,6490000
,,0,2,
,,1,10,6490000
Food and Beverage,,,115,58001000
,Female,,36,12600000
,,0,15,
,,1,20,12600000
,,(blank),1,
,Male,,48,30511000
,,0,11,
,,1,37,30511000
,Mixed Team,,31,14490000
,,0,8,
,,1,23,14490000
,(blank),,,400000
,,0,,
,,1,,400000
Green/CleanTech,,,5,2150000
,Female,,3,600000
,,0,1,
,,1,2,600000
,Male,,2,1550000
,,0,,
,,1,1,1550000
,,(blank),1,
,Mixed Team,,,
,,0,,
Health/Wellness,,,24,18665000
,Female,,10,3500000
,,0,4,
,,1,6,3500000
,Male,,10,13540000
,,0,2,
,,1,8,13540000
,Mixed Team,,4,1625000
,,0,1,
,,1,3,1625000
Lifestyle/Home,,,111,40413000
,Female,,34,8600000
,,0,6,
,,1,28,8600000
,Male,,50,25510000
,,0,11,
,,1,39,25510000
,Mixed Team,,26,5853000
,,0,8,
,,1,18,5853000
,(blank),,1,450000
,,0,,
,,1,1,450000
Liquor/Alcohol,,,5,3625000
,Female,,1,75000
,,1,1,75000
,Male,,4,3550000
,,0,3,
,,1,1,3550000
Media/Entertainment,,,6,7525000
,Female,,,2725000
,,1,,2725000
,Male,,4,3800000
,,0,1,
,,1,3,3800000
,Mixed Team,,2,1000000
,,1,2,1000000
Pet Products,,,16,7799000
,Female,,5,2124000
,,0,3,
,,1,2,2124000
,Male,,7,3475000
,,0,3,
,,1,3,3475000
,,(blank),1,
,Mixed Team,,3,1600000
,,0,1,
,,1,2,1600000
,(blank),,1,600000
,,1,1,600000
Technology/Software,,,17,12285000
,Female,,3,1450000
,,0,1,
,,1,2,1450000
,Male,,9,8685000
,,0,5,
,,1,4,8685000
,Mixed Team,,5,2150000
,,0,1,
,,1,4,2150000
Travel,,,,5850000
,Female,,,300000
,,1,,300000
,Male,,,5500000
,,0,,
,,1,,5500000
,Mixed Team,,,50000
,,1,,50000
Uncertain/Other,,,15,5490000
,Female,,4,900000
,,0,1,
,,1,3,900000
,Male,,7,3290000
,,0,3,
,,1,4,3290000
,Mixed Team,,4,1300000
,,0,,
,,1,4,1300000
(blank),,,1,
,Female,,1,
,,(blank),1,
Grand Total,,,489,253671166
